File: D:\Mango\KU\Senior Project\lipsync_v_project\test\A\ตาล.wav
Frames: 150
Predicted vowel: A
Raw scores: {'A': -4588142.009330315, 'E': -5862996.025542776, 'I': -5660108.953258042, 'O': -5712160.523471943, 'U': -4826831.991549377}
Avg scores (per frame): {'A': -30587.61339553543, 'E': -39086.64017028517, 'I': -37734.05968838695, 'O': -38081.07015647962, 'U': -32178.879943662516}
First MFCC vector: [-6.436608e+02  8.593690e+01  5.907620e+01  3.697280e+01  2.372980e+01
  1.378580e+01  6.548600e+00  3.830600e+00  1.808100e+00 -3.557600e+00
 -9.266800e+00 -1.070370e+01 -8.606400e+00  5.768600e+00  4.966400e+00
 -1.024400e+00 -2.030700e+00  1.383900e+00  1.708600e+00 -7.523000e-01
 -1.753700e+00 -5.287000e-01  6.256000e-01  4.675000e-01  9.338000e-01
  1.638700e+00 -5.056000e+00 -3.721100e+00  9.295000e-01  5.975000e-01
 -1.224200e+00 -3.368000e-01  1.175600e+00  1.045200e+00  4.840000e-02
 -5.699000e-01 -4.337000e-01 -2.585000e-01 -6.086000e-01]
Last MFCC vector:  [0. 0. 0. 0. 0. 0. 0. 0. 0. 0. 0. 0. 0. 0. 0. 0. 0. 0. 0. 0. 0. 0. 0. 0.
 0. 0. 0. 0. 0. 0. 0. 0. 0. 0. 0. 0. 0. 0. 0.]
